features_ordered_custom = [
    'marital-status',
    'occupation',
    'education',
    'capital-gain',
    'relationship', 
    'age',
    'hours-per-week',
    'sex',
    'workclass', 
    'race',
    'native-country',    
    'fnlwgt',
    'capital-loss'  
    ]

{1: array([0.59420835, 0.58654573, 0.5925642 , 0.59568018, 0.58721805,
        0.59061914, 0.60131732, 0.58678955, 0.58787414, 0.59848485,
        0.58517953, 0.59825162, 0.59152799, 0.58728324, 0.59977281,
        0.59901552, 0.59757024, 0.59884837, 0.58736059, 0.57624521,
        0.60782809, 0.58565589, 0.5921659 , 0.59397636, 0.58593456,
        0.59395331, 0.59335624, 0.58814704, 0.59827721, 0.58264772]),
 2: array([0.62065276, 0.61822012, 0.62526998, 0.6416309 , 0.62271062,
        0.60530421, 0.62847966, 0.60930736, 0.61755146, 0.60720043,
        0.61873638, 0.62878386, 0.62506555, 0.60619229, 0.63983051,
        0.62245989, 0.63085106, 0.624197  , 0.60928534, 0.58995138,
        0.61979448, 0.61371841, 0.61538462, 0.62277388, 0.62234043,
        0.60363248, 0.63063063, 0.62039509, 0.63232877, 0.61423221]),
 3: array([0.61292045, 0.62951168, 0.61215707, 0.62761956, 0.59808102,
        0.62332301, 0.62810811, 0.60689655, 0.60021552, 0.60941542,
        0.60893246, 0.62893082, 0.63042342, 0.61119833, 0.61141012,
        0.62718139, 0.61818182, 0.62533405, 0.59401709, 0.59935897,
        0.62400846, 0.61338869, 0.62028047, 0.62654487, 0.59235669,
        0.606093  , 0.61143157, 0.62633833, 0.62184874, 0.61066236]),
 4: array([0.64910432, 0.65580662, 0.65069223, 0.65093834, 0.62149285,
        0.65219693, 0.64949007, 0.64285714, 0.63276231, 0.63476874,
        0.63772776, 0.65284423, 0.65096808, 0.62881628, 0.63841202,
        0.64512712, 0.65858799, 0.6567323 , 0.62446809, 0.64428122,
        0.65093834, 0.64194915, 0.64401294, 0.64925373, 0.62133891,
        0.63525675, 0.64751958, 0.65118734, 0.65150714, 0.64951768]),
 5: array([0.6670082 , 0.66019417, 0.67570386, 0.66840459, 0.64223919,
        0.65642601, 0.65888594, 0.6501548 , 0.6555149 , 0.65149948,
        0.6627907 , 0.66700872, 0.66906106, 0.64556305, 0.65699482,
        0.65671642, 0.66495375, 0.66459305, 0.64201335, 0.65384615,
        0.66493236, 0.65368852, 0.66736075, 0.66145833, 0.64512821,
        0.64529473, 0.6618631 , 0.6625065 , 0.66079751, 0.65945389]),
 6: array([0.67528593, 0.66931086, 0.67851701, 0.67880627, 0.65051903,
        0.65938431, 0.67242255, 0.65120968, 0.66532055, 0.66333167,
        0.67114094, 0.67593052, 0.66699851, 0.652     , 0.66097438,
        0.66035857, 0.68628429, 0.67305752, 0.65055388, 0.66302187,
        0.67573011, 0.66401985, 0.67344863, 0.66868381, 0.64440079,
        0.65560583, 0.67332667, 0.6716792 , 0.67133567, 0.66499498]),
 7: array([0.68078818, 0.67455621, 0.68174962, 0.684     , 0.65517241,
        0.67252318, 0.67848101, 0.66301643, 0.66999003, 0.66633516,
        0.6765609 , 0.68402948, 0.67159035, 0.65670154, 0.66831683,
        0.66962088, 0.69173676, 0.685     , 0.65236908, 0.66797642,
        0.67532468, 0.6676514 , 0.67805123, 0.67771084, 0.65356265,
        0.66268062, 0.68150346, 0.67425743, 0.67928287, 0.67388096]),
 8: array([0.67794971, 0.67277992, 0.67920792, 0.68426197, 0.65294399,
        0.67465261, 0.6752348 , 0.65880039, 0.67025968, 0.66276803,
        0.67467467, 0.68747   , 0.67404911, 0.65450961, 0.67055961,
        0.66280753, 0.68280872, 0.67902439, 0.65292096, 0.67054828,
        0.67284252, 0.66763006, 0.68015795, 0.66961217, 0.66025024,
        0.65746673, 0.67572816, 0.67798254, 0.67419038, 0.6715046 ]),
 9: array([0.67316123, 0.66506256, 0.67491341, 0.68      , 0.65080136,
        0.66988417, 0.67098704, 0.65098039, 0.66796685, 0.66471735,
        0.67065272, 0.68311563, 0.65957447, 0.64894141, 0.66022233,
        0.66409639, 0.67515924, 0.68280632, 0.65221675, 0.66860747,
        0.66894198, 0.66117305, 0.6765873 , 0.66831929, 0.64893617,
        0.65483235, 0.67438495, 0.67480469, 0.67220322, 0.66925315]),
 10: array([0.6708134 , 0.6647619 , 0.66991711, 0.68469338, 0.64401914,
        0.65712923, 0.66994589, 0.64600484, 0.66957364, 0.66284075,
        0.67354966, 0.68788599, 0.66190476, 0.64809384, 0.66314272,
        0.65561345, 0.67054828, 0.67414634, 0.65572187, 0.65962554,
        0.66441984, 0.65807068, 0.6722195 , 0.67026497, 0.6499527 ,
        0.65363947, 0.66857689, 0.66923819, 0.67211538, 0.6669861 ]),
 11: array([0.67080153, 0.66476733, 0.67153285, 0.68299712, 0.64302827,
        0.66160418, 0.66666667, 0.64566166, 0.66731329, 0.66156056,
        0.67518428, 0.68723303, 0.66255339, 0.64846416, 0.66378482,
        0.65530303, 0.67119302, 0.67055961, 0.65188042, 0.65871122,
        0.66411116, 0.66222645, 0.67547724, 0.66797258, 0.64747522,
        0.65427873, 0.6663489 , 0.66922708, 0.67244701, 0.66379723]),
 12: array([0.67144222, 0.66508314, 0.67023868, 0.68365385, 0.64337003,
        0.66159696, 0.66535819, 0.64569216, 0.66504854, 0.66060316,
        0.67485265, 0.68723303, 0.66035054, 0.64875427, 0.66378482,
        0.65687204, 0.67216295, 0.67120623, 0.65219489, 0.65902579,
        0.66506718, 0.66159696, 0.67580803, 0.66764706, 0.64778093,
        0.65427873, 0.66666667, 0.66923077, 0.67116033, 0.66315789]),
 13: array([0.67279768, 0.66411116, 0.67091087, 0.68413392, 0.64594463,
        0.66282421, 0.67192118, 0.65631068, 0.6702544 , 0.67596154,
        0.67192896, 0.6849711 , 0.65994236, 0.65427873, 0.66634476,
        0.66634981, 0.67185979, 0.68101761, 0.65654091, 0.66472868,
        0.67250608, 0.66730677, 0.67156143, 0.66961652, 0.64940048,
        0.65850073, 0.66922708, 0.6770428 , 0.67376573, 0.66924565])}